
		

		  wOBA Data
		  1999-2002
		+------------------+-------+---------+-------+
		| Batter | Pitcher |   FB  | Neutral |   GB  |
		+------------------+-------+---------+-------+
		|        FB        | 0.364 |  0.376  | 0.374 |
		|     Neutral      | 0.347 |  0.350  | 0.344 |
		|        GB        | 0.335 |  0.337  | 0.313 |
		+------------------+-------+---------+-------+

		  2017-2019
		+------------------+-------+---------+-------+
		| Batter | Pitcher |   FB  | Neutral |   GB  |
		+------------------+-------+---------+-------+
		|        FB        | 0.327 |  0.344  | 0.357 |
		|     Neutral      | 0.343 |  0.338  | 0.345 |
		|        GB        | 0.343 |  0.327  | 0.325 |
		+------------------+-------+---------+-------+



		  

		  Matchup Percentages
		  1999-2002 Data
		+------------------+-------+---------+-------+---------------+
		| Batter | Pitcher |   FB  | Neutral |   GB  | Batter Splits |
		+------------------+-------+---------+-------+---------------+
		|        FB        | 2.2%  |  12.0%  | 2.8%  |     17.0%     |
		|     Neutral      | 9.0%  |  50.5%  | 11.4% |     71.0%     | 
		|        GB        | 1.5%  |  8.6%   | 1.9%  |     12.0%     |
		|  Pitcher Splits  | 12.7% |  71.2%  | 16.1% |     100.0%    |
		+------------------+-------+---------+-------+---------------+

		  2017-2019 Data
		+------------------+-------+---------+-------+---------------+
		| Batter | Pitcher |   FB  | Neutral |   GB  | Batter Splits |
		+------------------+-------+---------+-------+---------------+
		|        FB        | 5.3%  |  13.4%  | 5.7%  |     24.4%     |
		|     Neutral      | 10.8% |  27.5%  | 12.0% |     50.3%     | 
		|        GB        | 5.2%  |  13.8%  | 6.2%  |     25.2%     |
		|  Pitcher Splits  | 21.3% |  54.7%  | 23.9% |     100.0%    |
		+------------------+-------+---------+-------+---------------+




